Zigbee1 231 probes from 90 to 800 ms: 
500;
767;
339;
155;
721;
241;
574;
181;
161;
437;
366;
483;
289;
325;
787;
208;
710;
221;
102;
645;
637;
132;
583;
212;
624;
488;
358;
516;
402;
375;
715;
742;
424;
250;
274;
134;
531;
188;
598;
253;
414;
344;
121;
307;
624;
144;
589;
562;
159;
314;
514;
150;
562;
581;
749;
417;
208;
681;
689;
299;
170;
173;
700;
134;
642;
402;
113;
767;
423;
556;
669;
704;
654;
256;
312;
707;
206;
217;
266;
305;
792;
725;
392;
249;
386;
300;
250;
92;
110;
241;
234;
724;
715;
305;
106;
693;
728;
345;
178;
764;
656;
436;
661;
756;
103;
129;
240;
375;
543;
131;
478;
98;
663;
386;
363;
753;
289;
175;
643;
521;
750;
532;
325;
644;
585;
362;
441;
215;
765;
100;
715;
768;
563;
761;
564;
107;
380;
255;
644;
148;
791;
114;
558;
150;
111;
517;
351;
306;
772;
767;
604;
588;
293;
550;
375;
447;
663;
458;
269;
800;
773;
119;
128;
95;
148;
558;
700;
442;
177;
398;
248;
781;
521;
700;
667;
564;
308;
513;
697;
177;
559;
450;
664;
216;
373;
299;
163;
215;
202;
165;
250;
211;
532;
199;
244;
766;
358;
440;
258;
309;
602;
194;
609;
454;
106;
786;
444;
174;
410;
108;
92;
112;
166;
124;
445;
338;
388;
631;
382;
322;
278;
608;
116;
294;
366;
534;
219;
592;
446;
603;
379;
Zigbee1 748 probes from 1100ms to 4800 ms:  
1982;
1281;
1101;
2053;
4721;
2491;
3032;
4442;
4224;
1136;
1131;
4758;
2559;
2230;
1658;
3016;
1116;
1579;
1644;
4133;
1401;
3872;
4076;
1865;
3541;
2714;
4716;
3680;
4659;
3837;
4192;
1951;
2124;
2058;
2727;
2918;
4531;
4489;
4386;
1677;
4700;
1512;
4762;
4708;
2766;
2640;
4385;
3600;
4334;
4710;
2462;
3588;
3144;
3933;
2094;
4012;
4745;
3314;
2039;
4166;
3076;
4024;
1971;
4723;
2258;
1624;
1226;
3200;
3721;
3234;
2721;
1954;
3776;
2618;
3051;
4168;
1869;
3205;
3014;
4145;
3690;
1303;
4427;
2274;
3026;
2586;
1904;
4261;
3167;
4450;
2183;
4427;
3311;
3837;
4475;
2553;
4108;
3734;
3458;
4079;
3527;
2569;
3606;
3975;
3786;
1157;
1302;
2312;
3446;
1419;
3034;
3477;
2211;
3878;
2436;
1634;
3221;
2789;
2197;
2434;
1421;
3837;
2258;
4396;
2998;
1488;
4228;
4548;
4746;
3167;
3116;
2814;
2553;
3575;
2553;
2870;
4708;
3961;
3095;
1998;
1868;
2715;
4164;
3721;
3794;
4164;
3291;
3717;
2152;
2887;
2450;
3533;
4697;
4599;
1586;
4425;
3069;
2748;
3773;
3762;
1836;
3517;
4226;
3225;
2960;
2704;
4220;
2608;
4315;
2434;
3290;
3446;
3016;
2300;
2993;
4313;
3279;
3415;
2029;
3666;
3020;
1111;
1142;
2608;
2012;
1717;
4393;
4581;
1290;
4482;
3286;
4330;
1725;
4004;
2345;
4045;
3571;
4483;
3654;
2042;
1983;
3405;
1503;
4547;
1933;
2316;
2189;
1541;
1862;
2045;
4758;
2425;
2891;
4071;
4137;
4332;
3726;
3801;
3721;
4392;
3067;
3545;
1725;
3247;
2870;
4774;
1921;
4745;
3303;
2357;
3813;
1394;
3672;
3248;
4735;
2013;
1483;
3656;
1275;
3145;
3334;
4789;
4627;
3699;
3784;
4472;
4401;
3469;
3962;
2549;
3437;
4082;
3435;
2602;
3531;
3126;
4307;
3693;
2551;
3674;
2298;
3642;
2381;
4333;
4777;
3413;
2524;
2589;
2802;
2683;
4511;
4197;
1996;
3579;
4150;
1783;
3995;
3482;
1471;
3791;
2277;
3783;
2280;
2192;
1591;
4465;
2766;
1684;
3891;
3951;
3061;
3242;
2286;
3857;
3927;
3691;
3699;
2983;
1403;
1750;
3087;
3191;
3770;
3993;
2884;
1803;
2028;
1546;
4556;
2724;
3534;
2066;
2444;
1801;
1896;
2246;
1102;
3350;
1562;
1107;
3608;
2226;
3724;
3152;
1202;
1735;
4519;
3103;
4278;
2678;
2588;
2433;
2800;
4709;
3844;
2777;
1150;
1314;
3758;
3119;
3320;
3467;
2539;
2310;
4244;
4674;
2272;
4754;
2004;
1396;
2715;
1868;
4124;
2613;
4773;
4470;
1679;
4200;
2368;
4059;
4702;
4394;
1708;
1197;
1564;
4756;
4404;
2060;
3974;
1534;
4338;
4562;
3662;
1694;
2069;
3134;
4752;
2750;
2720;
1131;
4481;
3708;
2991;
4743;
3028;
3396;
2418;
2164;
2492;
1879;
2662;
3330;
1235;
4043;
2017;
2746;
2784;
4266;
2246;
3640;
1255;
1861;
2229;
2020;
3879;
1266;
3497;
4052;
4651;
2706;
1935;
4110;
4534;
2021;
1693;
1652;
4564;
2455;
3377;
2614;
4185;
4525;
4286;
3027;
4108;
1509;
1708;
2561;
4206;
4452;
1987;
1367;
4270;
1570;
3696;
4409;
1201;
4307;
4618;
3374;
1320;
1664;
2819;
2697;
1281;
2972;
2423;
3631;
3187;
4743;
4064;
4353;
1302;
2930;
2824;
2068;
1582;
4581;
2262;
1377;
4081;
2681;
2747;
4190;
3715;
2393;
3313;
4687;
1938;
1700;
4146;
3866;
1872;
3838;
1939;
2084;
3137;
4345;
3589;
2592;
1135;
4414;
2837;
3213;
3491;
1797;
1403;
3959;
3289;
1534;
1625;
2423;
4357;
3122;
3813;
4474;
3166;
1826;
2238;
2820;
2406;
3298;
3881;
2798;
4551;
3863;
2463;
2369;
1887;
1691;
1760;
3462;
2990;
2434;
2802;
1713;
2465;
4699;
4264;
2245;
1521;
1692;
1142;
3710;
3955;
3067;
1926;
3173;
1319;
4009;
3469;
3924;
1727;
1585;
2476;
4403;
3524;
1139;
3867;
3111;
4797;
1455;
1311;
4551;
4293;
1754;
3173;
2209;
1443;
3804;
3782;
4059;
4557;
3887;
1166;
2318;
3389;
1835;
3477;
2596;
1649;
2111;
3656;
1138;
3615;
1213;
1187;
1981;
3104;
3378;
4479;
2531;
4290;
1933;
3735;
4513;
4779;
1694;
3336;
4125;
4734;
2827;
1810;
2247;
3154;
3503;
3067;
1760;
3342;
4119;
2015;
4271;
4153;
1158;
2594;
4506;
2177;
4089;
1389;
4604;
3352;
1488;
2739;
3855;
2574;
2728;
3864;
1322;
4406;
3250;
3389;
3290;
3769;
4213;
2167;
4110;
1152;
1524;
3219;
1267;
3627;
1247;
4743;
3841;
2515;
4612;
2230;
2157;
1105;
1189;
2770;
3980;
2402;
4434;
3531;
1191;
3657;
4349;
2025;
3400;
2376;
1723;
2171;
3328;
4364;
3377;
4410;
4491;
1703;
3547;
4784;
2908;
3670;
2334;
1502;
2432;
3638;
4488;
4450;
1310;
2144;
1167;
1207;
4257;
3842;
4730;
2123;
2550;
4180;
3208;
1435;
3108;
4386;
2203;
2653;
2682;
2075;
2992;
1634;
1252;
2015;
2659;
3344;
4534;
2702;
2605;
1503;
3419;
1172;
2134;
2269;
1533;
4685;
2937;
1596;
2775;
3242;
3242;
1687;
2976;
3698;
2452;
2553;
2938;
3220;
3572;
4149;
4744;
3258;
4734;
2484;
2832;
3019;
4135;
4194;
3366;
1931;
2120;
1551;
4093;
4279;
2283;
3163;
2803;
3932;
1312;
4624;
1446;
2548;
2601;
1235;
1586;
2840;
3142;
1643;
4370;
1433;
1549;
1662;
4342;
4650;
2103;
4408;
4403;
1656;
4301;
3001;
3334;
Zigbee1 21 probes from 5100 ms to 6000 ms :  
5645;
5146;
5558;
5428;
5528;
5621;
5655;
5604;
5210;
5703;
5552;
5345;
5477;
5199;
5816;
5531;
5308;
5674;
5543;
5276;
5367;
Zigbee1 863 probes from 1100ms to 4800 ms:  
1110;
1920;
4058;
3746;
3026;
3049;
4160;
1418;
3805;
2203;
3881;
4021;
1544;
2443;
4122;
4111;
3794;
4335;
3494;
1837;
2295;
3535;
2790;
1517;
4312;
4632;
3879;
4404;
1595;
4010;
4588;
3252;
3247;
1630;
3197;
1783;
1684;
4427;
2848;
2589;
4605;
4567;
3712;
3870;
2762;
2098;
4604;
2467;
4712;
4578;
1628;
3691;
3308;
2950;
2491;
3199;
4653;
2396;
4703;
4500;
2358;
1531;
1974;
2661;
1716;
1438;
2321;
3539;
1796;
2643;
2984;
2721;
4326;
2524;
3893;
3189;
4323;
4364;
4375;
2326;
2397;
2164;
1847;
2036;
2449;
4360;
4373;
2993;
3796;
3212;
2694;
3530;
2383;
4363;
3569;
4426;
1814;
4095;
2105;
2292;
4711;
1693;
2150;
2393;
4337;
3924;
4580;
2648;
3136;
3921;
2741;
2966;
3132;
1993;
2221;
3642;
2451;
2546;
2192;
3053;
2987;
2877;
2589;
2784;
4489;
4405;
4063;
3118;
4323;
3725;
3162;
3070;
4141;
2184;
1107;
3906;
3573;
4670;
3952;
2649;
3588;
1716;
3407;
4108;
2353;
2329;
4310;
2475;
1341;
2111;
3497;
2172;
3569;
4757;
1719;
1621;
2889;
1199;
1942;
4094;
1381;
4172;
4055;
4271;
4534;
2721;
1959;
3012;
2494;
2418;
2465;
2852;
1577;
4529;
1340;
2583;
3989;
3072;
1320;
4466;
2265;
1168;
4798;
2794;
4602;
3109;
3161;
2921;
2170;
4197;
1404;
1806;
3435;
2176;
3660;
3053;
2421;
3707;
2634;
3490;
4248;
1196;
1744;
3259;
3205;
4642;
2158;
3921;
2390;
4786;
4250;
2864;
1469;
3733;
3887;
3174;
2246;
1954;
3274;
3329;
1566;
1704;
2299;
2862;
4017;
3437;
1826;
3839;
2087;
2942;
3988;
3034;
3351;
1268;
4780;
2112;
3476;
4276;
3832;
2616;
2474;
1607;
1205;
1863;
4697;
3508;
4010;
3814;
3629;
2594;
3038;
2376;
3023;
4431;
2668;
4562;
2135;
3351;
4533;
2133;
1767;
1300;
1913;
1298;
1384;
2537;
3946;
2210;
3307;
1806;
3150;
3373;
2088;
2427;
2867;
1705;
3511;
3888;
3430;
2680;
1836;
4550;
4518;
3178;
3165;
4095;
3799;
3797;
2554;
1206;
1451;
1164;
2706;
4046;
2960;
1931;
2697;
4193;
3040;
2841;
1174;
4385;
2331;
3164;
1644;
4426;
2632;
2662;
1792;
1523;
2651;
4392;
2638;
4527;
1885;
3192;
1189;
3548;
2024;
1348;
3600;
4066;
2986;
3619;
4116;
2183;
2875;
3261;
3944;
2935;
1773;
4310;
1349;
1988;
2773;
3832;
1930;
2904;
4546;
4152;
2499;
2881;
4744;
3972;
4478;
1911;
1919;
2128;
2371;
1973;
1595;
3815;
3875;
1943;
2446;
3434;
2076;
1900;
3856;
1407;
4264;
2555;
2707;
1508;
3443;
1320;
2490;
3499;
3338;
1561;
2724;
3785;
3842;
3856;
3419;
2786;
4666;
1376;
1809;
3424;
3951;
3830;
3040;
2290;
3418;
2698;
4574;
4058;
4043;
4092;
1509;
4514;
1945;
3081;
3206;
4679;
1713;
2748;
3619;
3811;
4269;
3213;
2643;
2468;
3554;
2873;
1194;
2452;
3061;
4497;
4139;
3632;
2216;
1365;
1810;
4061;
1629;
4769;
1206;
3361;
3053;
2121;
3484;
3855;
4187;
2002;
2186;
1439;
2618;
3642;
4388;
3657;
4493;
4656;
1385;
2514;
1903;
2910;
4530;
1852;
2268;
1653;
3975;
4598;
4371;
2955;
2695;
4263;
1320;
4101;
2967;
1746;
4221;
3903;
3010;
3631;
1138;
4028;
3068;
1541;
3783;
4090;
1509;
4608;
4256;
2139;
2666;
4361;
1272;
1775;
4247;
1450;
2037;
4594;
1735;
2680;
2871;
1578;
4237;
2853;
1391;
1434;
2560;
2530;
3852;
2315;
2407;
4789;
1655;
2292;
2144;
3872;
2416;
1933;
2942;
3242;
4685;
4108;
1172;
3331;
1158;
2191;
3509;
3220;
4458;
2358;
2947;
4649;
2125;
4534;
2362;
2695;
3195;
3297;
1554;
2186;
2082;
2688;
2691;
2444;
3004;
1902;
2172;
2685;
2233;
1202;
2927;
2173;
3576;
2716;
2434;
3860;
4424;
2079;
1396;
3424;
2513;
4771;
3766;
1718;
3597;
2658;
4548;
4401;
2395;
1112;
2684;
2615;
1742;
2127;
2726;
4179;
3951;
3362;
4775;
3922;
1689;
2646;
4284;
4686;
4005;
1480;
4273;
3954;
3967;
4270;
1892;
2543;
1680;
3088;
3312;
3662;
3667;
4451;
4584;
4642;
1134;
3208;
2074;
2161;
3293;
4700;
4748;
3079;
4103;
2452;
1526;
3597;
2917;
3801;
3084;
1865;
3201;
4406;
2543;
4587;
2943;
3241;
4153;
1641;
2590;
2633;
1966;
1773;
4614;
2912;
4455;
2471;
2470;
4242;
2737;
4762;
1399;
2314;
3693;
4248;
1824;
1877;
3103;
2217;
1812;
3398;
2093;
2777;
1746;
2443;
3208;
4210;
4512;
2483;
3547;
3942;
2088;
2397;
4595;
2647;
1150;
3074;
3943;
1556;
2963;
3924;
2140;
4564;
3003;
2673;
1552;
2885;
4155;
2579;
4698;
3099;
2787;
4534;
1326;
1248;
4354;
3316;
2839;
3147;
1637;
1233;
3937;
2849;
2984;
2594;
1980;
1953;
3109;
4597;
1101;
2029;
4011;
3399;
4703;
2782;
2442;
1395;
1523;
4439;
2254;
2815;
3969;
2693;
3522;
2892;
2942;
4700;
3448;
2503;
1728;
4679;
3003;
4178;
2909;
2064;
2132;
2687;
1724;
3341;
3505;
4307;
4208;
2737;
3475;
3708;
4559;
4508;
4684;
4173;
1644;
4079;
3307;
2898;
3059;
1489;
4016;
4160;
3474;
2926;
2988;
1414;
3704;
3281;
3589;
4691;
3605;
2393;
1786;
2568;
4011;
3190;
1155;
2167;
2954;
4730;
2028;
3265;
4496;
2855;
1696;
4525;
1169;
4382;
2048;
2998;
4505;
3695;
1118;
3887;
1166;
2730;
2698;
4011;
3954;
3065;
2412;
2140;
3314;
2628;
2520;
4637;
1106;
1617;
2382;
4403;
3270;
2630;
4485;
1340;
1517;
2234;
3511;
4075;
3136;
3091;
4639;
2717;
2017;
3569;
3028;
3877;
1855;
2703;
3722;
1228;
4618;
1280;
1768;
3408;
4709;
4691;
1705;
4018;
2732;
2160;
3123;
4691;
2263;
3042;
2934;
4764;
4522;
3545;
1309;
3266;
3414;
4741;
3883;
1161;
2199;
1605;
3585;
2645;
2231;
3706;
1157;
4080;
3641;
1905;
2152;
3307;
3620;
2352;
2625;
2763;
4318;
3954;
1766;
3260;
1479;
1297;
2579;
2808;
4427;
2028;
3177;
1531;
1847;
2303;
2521;
2907;
4229;
3706;
2746;
2876;
1714;
4608;
1345;
1770;
3419;
1760;
4533;
4594;
3640;
4297;
3312;
4012;
2903;
4719;
3538;
3570;
4132;
Zigbee1 137 probes from 5200 ms to 9100 ms:  
7001;
8940;
8066;
8621;
7688;
8144;
6969;
8779;
7202;
5883;
7292;
5742;
6365;
8919;
6930;
8714;
8154;
8496;
8204;
8086;
8305;
5383;
9233;
7405;
7259;
9167;
9293;
6764;
6023;
8492;
8928;
5843;
8692;
5505;
6905;
5748;
8568;
6989;
5581;
7074;
8502;
7619;
5207;
7919;
8228;
8060;
8233;
6882;
6567;
9281;
5672;
7376;
5905;
5381;
9255;
8134;
6497;
5701;
8950;
8159;
6479;
5368;
5426;
6893;
6663;
6007;
9100;
7051;
5972;
6466;
5483;
5928;
7250;
6619;
6327;
8074;
7673;
6467;
6468;
5914;
6117;
8788;
8412;
7281;
5939;
5768;
8965;
8169;
6794;
9053;
5583;
6787;
6634;
8525;
9130;
7252;
5858;
8192;
6709;
9150;
5665;
8568;
6653;
5201;
8356;
9137;
8626;
6759;
8171;
9291;
8549;
5897;
8662;
8862;
5983;
6936;
7219;
8676;
6462;
8225;
6889;
8053;
7844;
9061;
6077;
6240;
9057;
5561;
7597;
8310;
5727;
7942;
6709;
7058;
7066;
8756;
8630;
BLE 882 probes from 1100 ms to 4800 ms:  
3428;
2882;
1601;
1599;
3286;
4340;
4449;
1824;
2109;
1813;
3289;
3705;
2700;
3234;
2717;
3699;
4484;
1221;
4003;
1750;
1413;
3181;
2984;
4623;
1260;
4462;
4206;
1823;
3818;
3376;
4191;
2389;
4612;
2769;
4516;
4400;
2733;
3874;
1304;
2527;
3571;
3122;
2621;
2986;
4561;
1171;
4423;
1160;
3839;
2082;
1453;
4579;
4567;
4286;
4040;
4089;
1830;
1125;
4118;
3036;
4633;
2159;
1776;
3988;
2486;
3706;
3413;
3090;
4456;
1403;
4291;
3981;
1522;
4257;
1823;
3645;
3443;
1662;
4213;
2455;
2864;
2724;
1390;
4052;
3383;
3455;
1919;
2027;
1377;
3810;
1791;
4674;
3050;
4324;
3628;
2521;
3564;
2465;
2155;
2217;
2446;
2602;
2806;
1468;
1692;
4208;
2844;
3850;
2929;
2614;
3304;
3734;
3149;
3017;
4482;
4467;
4737;
1549;
1388;
1873;
4779;
2896;
1132;
4204;
4339;
1627;
2772;
1878;
4588;
1441;
3430;
4610;
2908;
4603;
1694;
1621;
1152;
4426;
1791;
4478;
3572;
3828;
1705;
1987;
3832;
4358;
2590;
3278;
4520;
1808;
3918;
2394;
4530;
3959;
2790;
4750;
1821;
2303;
3738;
3236;
3373;
4160;
2563;
3872;
2474;
2935;
2837;
2708;
1278;
1891;
1888;
4508;
1648;
1731;
2258;
3935;
1507;
2960;
3489;
4272;
3913;
3774;
3355;
3211;
4517;
2123;
4500;
4620;
4723;
3257;
4359;
1463;
1711;
3213;
1549;
3235;
4371;
2590;
2643;
3173;
3731;
4667;
3808;
3900;
4696;
2897;
3000;
3222;
1161;
3169;
2471;
1173;
4643;
2522;
1305;
1181;
1267;
2848;
2026;
3147;
3243;
1460;
3939;
3539;
4698;
3836;
2829;
2144;
2456;
1899;
1778;
2367;
2169;
2202;
4594;
1702;
3705;
3658;
4199;
3307;
3198;
3554;
1297;
1590;
3196;
1982;
3277;
3849;
3115;
1398;
3357;
2202;
1670;
1572;
1122;
3847;
1166;
3493;
4262;
2053;
2573;
2739;
4625;
3427;
4362;
3092;
3667;
1587;
2623;
4203;
3914;
1427;
1243;
3224;
3571;
3294;
4705;
3822;
4731;
3970;
2598;
4733;
2793;
1670;
2639;
3055;
3599;
3940;
3235;
2720;
4585;
2112;
1769;
4433;
1868;
1825;
2293;
4557;
2566;
4698;
4565;
2768;
4595;
3294;
3650;
3525;
2435;
2981;
2453;
3447;
2432;
4018;
1641;
1605;
1484;
1693;
4451;
2310;
1148;
3610;
4330;
1785;
1473;
2593;
3905;
2098;
1586;
1289;
2730;
4001;
4271;
3516;
3604;
2072;
4077;
3188;
3373;
3615;
3323;
2180;
3098;
1981;
3165;
2447;
1641;
4366;
2460;
2321;
1230;
4184;
2564;
3601;
3766;
3020;
4566;
2682;
4476;
1881;
3184;
4247;
1209;
1432;
2927;
2899;
3240;
4027;
2099;
4745;
4779;
2400;
2595;
4365;
2557;
3175;
2057;
3367;
4793;
1824;
4625;
3045;
3331;
3462;
2782;
1361;
1134;
2305;
3841;
1497;
1303;
3435;
1127;
4310;
2146;
3007;
2325;
1553;
4076;
1266;
1443;
4424;
2316;
2326;
4618;
2346;
3922;
4153;
2803;
3078;
3260;
2571;
4126;
3178;
1915;
1791;
2331;
2237;
2228;
4724;
4533;
1321;
2890;
3399;
1389;
4459;
4774;
4696;
2906;
1241;
2861;
1185;
3003;
4263;
1644;
4419;
1880;
1203;
4780;
4484;
3695;
3834;
1160;
3900;
1891;
1863;
1242;
2613;
1940;
2138;
2056;
3837;
3131;
3019;
4541;
2754;
1951;
4278;
1435;
2772;
2457;
1647;
1430;
3031;
2732;
1844;
3451;
1169;
1566;
1426;
4068;
1376;
3472;
4497;
2653;
3349;
4201;
3144;
2687;
4004;
4607;
2992;
1544;
3156;
3498;
3310;
2483;
1883;
3933;
1895;
1271;
2811;
2278;
4696;
1532;
3341;
4354;
2779;
3785;
1830;
3595;
3545;
4117;
3564;
2720;
2964;
3041;
2547;
3163;
1753;
1555;
2421;
4141;
4150;
1338;
1497;
3926;
3082;
1233;
3623;
1623;
1713;
2997;
3921;
1770;
1283;
1635;
2674;
1269;
2230;
1679;
3764;
2980;
1975;
3208;
1465;
2265;
2263;
1533;
1362;
2286;
3711;
1534;
2671;
3410;
4706;
3276;
2192;
2120;
2507;
4038;
3450;
3461;
3654;
4745;
3691;
1456;
3636;
2231;
3750;
3469;
4147;
1192;
3186;
3104;
4213;
1453;
4274;
1657;
2202;
2366;
3263;
3401;
1849;
1196;
1231;
3998;
2806;
3768;
4209;
4407;
3546;
3651;
2815;
1795;
1988;
3075;
3999;
2041;
1408;
1919;
3279;
3990;
2471;
1832;
3956;
1311;
2358;
4219;
3732;
1574;
1680;
3663;
3484;
1528;
4335;
2671;
1633;
3741;
3223;
2765;
2749;
4419;
3317;
4436;
2274;
3712;
2423;
3460;
4666;
1164;
4406;
1676;
1238;
1580;
3074;
2207;
3297;
3762;
3018;
2460;
4678;
2253;
2026;
1548;
3207;
3888;
3633;
2538;
3716;
2563;
3109;
3903;
1294;
3729;
1691;
4000;
2704;
2934;
4645;
1542;
1301;
4065;
4318;
4121;
3962;
3759;
4424;
3153;
4323;
1860;
2665;
2377;
4577;
3238;
1872;
3361;
2994;
1976;
2164;
1539;
2025;
4623;
4139;
4762;
3177;
1433;
3593;
2569;
1213;
1887;
3204;
1407;
4282;
2765;
1916;
2159;
3813;
4382;
4040;
1686;
2517;
3642;
2300;
2089;
2728;
1805;
4726;
4534;
3326;
4112;
4039;
4231;
2935;
3699;
3575;
4087;
4071;
3490;
2657;
1268;
2644;
4185;
1346;
1494;
3111;
2608;
4741;
3110;
4359;
4655;
4372;
3191;
2515;
4535;
4773;
2614;
3316;
4074;
3024;
4692;
3260;
2709;
4350;
3646;
2826;
1197;
3475;
2564;
4170;
4712;
3570;
2468;
3318;
1782;
3313;
1891;
3430;
1896;
4748;
2138;
3957;
1244;
3918;
1970;
4625;
2135;
3635;
3588;
2965;
1857;
4061;
1325;
2426;
2479;
4098;
4235;
3383;
3810;
3260;
2795;
3171;
2023;
3508;
2623;
1878;
3463;
4217;
2306;
1861;
1123;
4709;
1802;
2314;
3254;
2158;
2549;
4183;
1739;
2055;
3293;
2250;
2529;
3638;
1119;
4758;
4677;
3650;
3987;
2686;
2523;
2454;
2091;
3631;
2204;
1488;
2077;
4265;
1676;
2740;
2655;
4270;
1821;
2013;
2846;
2675;
1138;
1402;
1571;
4216;
3562;
1755;
1587;
1823;
2752;
4711;
1449;
3455;
1371;
3810;
3514;
1282;
4578;
1988;
3224;
4568;
1395;
3693;
3728;
3942;
2997;
4560;
1211;
3743;
1653;
2870;
1244;
3684;
1306;
3468;
3256;
4050;
2501;
3094;
3931;
3473;
3540;
2256;
3915;
4572;
3133;
3502;
4119;
2500;
2664;
4539;
3206;
3560;
4367;
4767;
2218;
4662;
1582;
3858;
3544;
2195;
1747;
1378;
4002;
1356;
2415;
3709;
2961;
1476;
BLE 118 probes from 5200 ms to 9800 ms:  
9491;
7068;
6264;
6616;
5963;
6204;
7713;
6955;
8340;
6075;
7291;
7603;
8513;
5859;
7622;
5961;
8972;
8834;
6528;
8764;
8751;
5986;
8820;
6333;
8156;
6525;
6473;
5451;
6325;
6093;
5636;
7514;
7040;
7521;
8307;
7959;
9275;
9228;
7632;
9246;
6568;
6216;
7357;
6412;
8061;
7608;
8882;
9345;
7931;
6243;
5481;
6493;
6976;
6772;
9418;
9115;
5803;
8813;
5944;
9787;
7724;
9092;
6143;
7841;
9029;
5806;
7872;
5810;
6321;
6552;
8298;
7183;
5240;
7685;
6183;
7883;
7524;
8562;
6640;
7182;
8387;
6021;
8438;
7172;
7121;
8147;
9030;
9192;
6073;
8072;
7472;
6257;
9447;
7385;
7413;
8439;
6125;
6918;
8954;
7150;
7097;
5612;
8589;
8465;
7864;
9767;
7323;
7611;
7985;
8348;
6779;
5222;
8392;
8516;
5867;
7654;
7261;
8996;
